100
tileset_0
32 32
20 20
[ 0 1 0 1.0 -1 ] [ 0 1 0 1.0 -1 ] [ 0 1 0 1.0 -1 ] [ 0 1 0 1.0 -1 ] [ 0 1 0 1.0 -1 ] [ 0 1 0 1.0 -1 ] [ 0 1 0 1.0 -1 ] [ 0 1 0 1.0 -1 ] [ 0 1 0 1.0 -1 ] [ 0 1 0 1.0 -1 ] [ 0 1 0 1.0 -1 ] [ 0 1 0 1.0 -1 ] [ 0 1 0 1.0 -1 ] [ 0 1 0 1.0 -1 ] [ 0 1 0 1.0 -1 ] [ 0 1 0 1.0 -1 ] [ 0 1 0 1.0 -1 ] [ 0 1 0 1.0 -1 ] [ 0 1 0 1.0 -1 ] [ 0 1 0 1.0 -1 ]
[ 0 1 0 1.0 -1 ] [ 0 1 0 1.0 -1 ] [ 0 1 0 1.0 -1 ] [ 0 1 0 1.0 -1 ] [ 0 1 0 1.0 -1 ] [ 0 1 0 1.0 -1 ] [ 0 1 0 1.0 -1 ] [ 0 1 0 1.0 -1 ] [ 0 1 0 1.0 -1 ] [ 0 1 0 1.0 -1 ] [ 0 1 0 1.0 -1 ] [ 0 1 0 1.0 -1 ] [ 0 1 0 1.0 -1 ] [ 0 1 0 1.0 -1 ] [ 0 1 0 1.0 -1 ] [ 0 1 0 1.0 -1 ] [ 0 1 0 1.0 -1 ] [ 0 1 0 1.0 -1 ] [ 0 1 0 1.0 -1 ] [ 0 1 0 1.0 -1 ]
[ 0 1 0 1.0 -1 ] [ 0 1 0 1.0 -1 ] [ 0 1 0 1.0 -1 ] [ 0 1 0 1.0 -1 ] [ 0 1 0 1.0 -1 ] [ 0 1 0 1.0 -1 ] [ 0 1 0 1.0 -1 ] [ 0 1 0 1.0 -1 ] [ 0 1 0 1.0 -1 ] [ 0 1 0 1.0 -1 ] [ 0 1 0 1.0 -1 ] [ 0 1 0 1.0 -1 ] [ 0 1 0 1.0 -1 ] [ 0 1 0 1.0 -1 ] [ 0 1 0 1.0 -1 ] [ 0 1 0 1.0 -1 ] [ 0 1 0 1.0 -1 ] [ 0 1 0 1.0 -1 ] [ 0 1 0 1.0 -1 ] [ 0 1 0 1.0 -1 ]
[ 0 1 0 1.0 -1 ] [ 0 1 0 1.0 -1 ] [ 0 1 0 1.0 -1 ] [ 0 1 0 1.0 -1 ] [ 0 1 0 1.0 -1 ] [ 0 1 0 1.0 -1 ] [ 0 1 0 1.0 -1 ] [ 0 1 0 1.0 -1 ] [ 0 1 0 1.0 -1 ] [ 0 1 0 1.0 -1 ] [ 0 1 0 1.0 -1 ] [ 0 1 0 1.0 -1 ] [ 0 1 0 1.0 -1 ] [ 0 1 0 1.0 -1 ] [ 0 1 0 1.0 -1 ] [ 0 1 0 1.0 -1 ] [ 0 1 0 1.0 -1 ] [ 0 1 0 1.0 -1 ] [ 0 1 0 1.0 -1 ] [ 0 1 0 1.0 -1 ]
[ 0 1 0 1.0 -1 ] [ 0 1 0 1.0 -1 ] [ 0 1 0 1.0 -1 ] [ 0 1 0 1.0 -1 ] [ 0 1 0 1.0 -1 ] [ 0 1 0 1.0 -1 ] [ 0 1 0 1.0 -1 ] [ 0 1 0 1.0 -1 ] [ 0 1 0 1.0 -1 ] [ 0 1 0 1.0 -1 ] [ 0 1 0 1.0 -1 ] [ 0 1 0 1.0 -1 ] [ 0 1 0 1.0 -1 ] [ 0 1 0 1.0 -1 ] [ 0 1 0 1.0 -1 ] [ 0 1 0 1.0 -1 ] [ 0 1 0 1.0 -1 ] [ 0 1 0 1.0 -1 ] [ 0 1 0 1.0 -1 ] [ 0 1 0 1.0 -1 ]
[ 0 1 0 1.0 -1 ] [ 0 1 0 1.0 -1 ] [ 0 1 0 1.0 -1 ] [ 0 1 0 1.0 -1 ] [ 0 1 0 1.0 -1 ] [ 0 1 0 1.0 -1 ] [ 0 1 0 1.0 -1 ] [ 0 1 0 1.0 -1 ] [ 0 1 0 1.0 -1 ] [ 0 1 0 1.0 -1 ] [ 0 1 0 1.0 -1 ] [ 0 1 0 1.0 -1 ] [ 0 1 0 1.0 -1 ] [ 0 1 0 1.0 -1 ] [ 0 1 0 1.0 -1 ] [ 0 1 0 1.0 -1 ] [ 0 1 0 1.0 -1 ] [ 0 1 0 1.0 -1 ] [ 0 1 0 1.0 -1 ] [ 0 1 0 1.0 -1 ]
[ 0 1 0 1.0 -1 ] [ 0 1 0 1.0 -1 ] [ 0 1 0 1.0 -1 ] [ 0 1 0 1.0 -1 ] [ 0 1 0 1.0 -1 ] [ 0 1 0 1.0 -1 ] [ 0 1 0 1.0 -1 ] [ 0 1 0 1.0 -1 ] [ 0 1 0 1.0 -1 ] [ 0 1 0 1.0 -1 ] [ 0 1 0 1.0 -1 ] [ 0 1 0 1.0 -1 ] [ 0 1 0 1.0 -1 ] [ 0 1 0 1.0 -1 ] [ 0 1 0 1.0 -1 ] [ 0 1 0 1.0 -1 ] [ 0 1 0 1.0 -1 ] [ 0 1 0 1.0 -1 ] [ 0 1 0 1.0 -1 ] [ 0 1 0 1.0 -1 ]
[ 0 1 0 1.0 -1 ] [ 0 1 0 1.0 -1 ] [ 0 1 0 1.0 -1 ] [ 0 1 0 1.0 -1 ] [ 0 1 0 1.0 -1 ] [ 0 1 0 1.0 -1 ] [ 0 1 0 1.0 -1 ] [ 0 1 0 1.0 -1 ] [ 0 1 0 1.0 -1 ] [ 0 1 0 1.0 -1 ] [ 0 1 0 1.0 -1 ] [ 0 1 0 1.0 -1 ] [ 0 1 0 1.0 -1 ] [ 0 1 0 1.0 -1 ] [ 0 1 0 1.0 -1 ] [ 0 1 0 1.0 -1 ] [ 0 1 0 1.0 -1 ] [ 0 1 0 1.0 -1 ] [ 0 1 0 1.0 -1 ] [ 0 1 0 1.0 -1 ]
[ 0 1 0 1.0 -1 ] [ 0 1 0 1.0 -1 ] [ 0 1 0 1.0 -1 ] [ 0 1 0 1.0 -1 ] [ 0 1 0 1.0 -1 ] [ 0 1 0 1.0 -1 ] [ 0 1 0 1.0 -1 ] [ 0 1 0 1.0 -1 ] [ 0 1 0 1.0 -1 ] [ 0 1 0 1.0 -1 ] [ 0 1 0 1.0 -1 ] [ 0 1 0 1.0 -1 ] [ 0 1 0 1.0 -1 ] [ 0 1 0 1.0 -1 ] [ 0 1 0 1.0 -1 ] [ 0 1 0 1.0 -1 ] [ 0 1 0 1.0 -1 ] [ 0 1 0 1.0 -1 ] [ 0 1 0 1.0 -1 ] [ 0 1 0 1.0 -1 ]
[ 0 1 0 1.0 -1 ] [ 0 1 0 1.0 -1 ] [ 0 1 0 1.0 -1 ] [ 0 1 0 1.0 -1 ] [ 0 1 0 1.0 -1 ] [ 0 1 0 1.0 -1 ] [ 0 1 0 1.0 -1 ] [ 0 1 0 1.0 -1 ] [ 0 1 0 1.0 -1 ] [ 0 1 0 1.0 -1 ] [ 0 1 0 1.0 -1 ] [ 0 1 0 1.0 -1 ] [ 0 1 0 1.0 -1 ] [ 0 1 0 1.0 -1 ] [ 0 1 0 1.0 -1 ] [ 0 1 0 1.0 -1 ] [ 0 1 0 1.0 -1 ] [ 0 1 0 1.0 -1 ] [ 0 1 0 1.0 -1 ] [ 0 1 0 1.0 -1 ]
[ 0 1 0 1.0 -1 ] [ 0 1 0 1.0 -1 ] [ 0 1 0 1.0 -1 ] [ 0 1 0 1.0 -1 ] [ 0 1 0 1.0 -1 ] [ 0 1 0 1.0 -1 ] [ 0 1 0 1.0 -1 ] [ 0 1 0 1.0 -1 ] [ 0 1 0 1.0 -1 ] [ 0 1 0 1.0 -1 ] [ 0 1 0 1.0 -1 ] [ 0 1 0 1.0 -1 ] [ 0 1 0 1.0 -1 ] [ 0 1 0 1.0 -1 ] [ 0 1 0 1.0 -1 ] [ 0 1 0 1.0 -1 ] [ 0 1 0 1.0 -1 ] [ 0 1 0 1.0 -1 ] [ 0 1 0 1.0 -1 ] [ 0 1 0 1.0 -1 ]
[ 0 1 0 1.0 -1 ] [ 0 1 0 1.0 -1 ] [ 0 1 0 1.0 -1 ] [ 0 1 0 1.0 -1 ] [ 0 1 0 1.0 -1 ] [ 0 1 0 1.0 -1 ] [ 0 1 0 1.0 -1 ] [ 0 1 0 1.0 -1 ] [ 0 1 0 1.0 -1 ] [ 0 1 0 1.0 -1 ] [ 0 1 0 1.0 -1 ] [ 0 1 0 1.0 -1 ] [ 0 1 0 1.0 -1 ] [ 0 1 0 1.0 -1 ] [ 0 1 0 1.0 -1 ] [ 0 1 0 1.0 -1 ] [ 0 1 0 1.0 -1 ] [ 0 1 0 1.0 -1 ] [ 0 1 0 1.0 -1 ] [ 0 1 0 1.0 -1 ]
[ 0 1 0 1.0 -1 ] [ 0 1 0 1.0 -1 ] [ 0 1 0 1.0 -1 ] [ 0 1 0 1.0 -1 ] [ 0 1 0 1.0 -1 ] [ 0 1 0 1.0 -1 ] [ 0 1 0 1.0 -1 ] [ 0 1 0 1.0 -1 ] [ 0 1 0 1.0 -1 ] [ 0 1 0 1.0 -1 ] [ 0 1 0 1.0 -1 ] [ 0 1 0 1.0 -1 ] [ 0 1 0 1.0 -1 ] [ 0 1 0 1.0 -1 ] [ 0 1 0 1.0 -1 ] [ 0 1 0 1.0 -1 ] [ 0 1 0 1.0 -1 ] [ 0 1 0 1.0 -1 ] [ 0 1 0 1.0 -1 ] [ 0 1 0 1.0 -1 ]
[ 0 1 0 1.0 -1 ] [ 0 1 0 1.0 -1 ] [ 0 1 0 1.0 -1 ] [ 0 1 0 1.0 -1 ] [ 0 1 0 1.0 -1 ] [ 0 1 0 1.0 -1 ] [ 0 1 0 1.0 -1 ] [ 0 1 0 1.0 -1 ] [ 0 1 0 1.0 -1 ] [ 0 1 0 1.0 -1 ] [ 0 1 0 1.0 -1 ] [ 0 1 0 1.0 -1 ] [ 0 1 0 1.0 -1 ] [ 0 1 0 1.0 -1 ] [ 0 1 0 1.0 -1 ] [ 0 1 0 1.0 -1 ] [ 0 1 0 1.0 -1 ] [ 0 1 0 1.0 -1 ] [ 0 1 0 1.0 -1 ] [ 0 1 0 1.0 -1 ]
[ 0 1 0 1.0 -1 ] [ 0 1 0 1.0 -1 ] [ 0 1 0 1.0 -1 ] [ 0 1 0 1.0 -1 ] [ 0 1 0 1.0 -1 ] [ 0 1 0 1.0 -1 ] [ 0 1 0 1.0 -1 ] [ 0 1 0 1.0 -1 ] [ 0 1 0 1.0 -1 ] [ 0 1 0 1.0 -1 ] [ 0 1 0 1.0 -1 ] [ 0 1 0 1.0 -1 ] [ 0 1 0 1.0 -1 ] [ 0 1 0 1.0 -1 ] [ 0 1 0 1.0 -1 ] [ 0 1 0 1.0 -1 ] [ 0 1 0 1.0 -1 ] [ 0 1 0 1.0 -1 ] [ 0 1 0 1.0 -1 ] [ 0 1 0 1.0 -1 ]
[ 0 1 0 1.0 -1 ] [ 0 1 0 1.0 -1 ] [ 0 1 0 1.0 -1 ] [ 0 1 0 1.0 -1 ] [ 0 1 0 1.0 -1 ] [ 0 1 0 1.0 -1 ] [ 0 1 0 1.0 -1 ] [ 0 1 0 1.0 -1 ] [ 0 1 0 1.0 -1 ] [ 0 1 0 1.0 -1 ] [ 0 1 0 1.0 -1 ] [ 0 1 0 1.0 -1 ] [ 0 1 0 1.0 -1 ] [ 0 1 0 1.0 -1 ] [ 0 1 0 1.0 -1 ] [ 0 1 0 1.0 -1 ] [ 0 1 0 1.0 -1 ] [ 0 1 0 1.0 -1 ] [ 0 1 0 1.0 -1 ] [ 0 1 0 1.0 -1 ]
[ 0 1 0 1.0 -1 ] [ 0 1 0 1.0 -1 ] [ 0 1 0 1.0 -1 ] [ 0 1 0 1.0 -1 ] [ 0 1 0 1.0 -1 ] [ 0 1 0 1.0 -1 ] [ 0 1 0 1.0 -1 ] [ 0 1 0 1.0 -1 ] [ 0 1 0 1.0 -1 ] [ 0 1 0 1.0 -1 ] [ 0 1 0 1.0 -1 ] [ 0 1 0 1.0 -1 ] [ 0 1 0 1.0 -1 ] [ 0 1 0 1.0 -1 ] [ 0 1 0 1.0 -1 ] [ 0 1 0 1.0 -1 ] [ 0 1 0 1.0 -1 ] [ 0 1 0 1.0 -1 ] [ 0 1 0 1.0 -1 ] [ 0 1 0 1.0 -1 ]
[ 0 1 0 1.0 -1 ] [ 0 1 0 1.0 -1 ] [ 0 1 0 1.0 -1 ] [ 0 1 0 1.0 -1 ] [ 0 1 0 1.0 -1 ] [ 0 1 0 1.0 -1 ] [ 0 1 0 1.0 -1 ] [ 0 1 0 1.0 -1 ] [ 0 1 0 1.0 -1 ] [ 0 1 0 1.0 -1 ] [ 0 1 0 1.0 -1 ] [ 0 1 0 1.0 -1 ] [ 0 1 0 1.0 -1 ] [ 0 1 0 1.0 -1 ] [ 0 1 0 1.0 -1 ] [ 0 1 0 1.0 -1 ] [ 0 1 0 1.0 -1 ] [ 0 1 0 1.0 -1 ] [ 0 1 0 1.0 -1 ] [ 0 1 0 1.0 -1 ]
[ 0 1 0 1.0 -1 ] [ 0 1 0 1.0 -1 ] [ 0 1 0 1.0 -1 ] [ 0 1 0 1.0 -1 ] [ 0 1 0 1.0 -1 ] [ 0 1 0 1.0 -1 ] [ 0 1 0 1.0 -1 ] [ 0 1 0 1.0 -1 ] [ 0 1 0 1.0 -1 ] [ 0 1 0 1.0 -1 ] [ 0 1 0 1.0 -1 ] [ 0 1 0 1.0 -1 ] [ 0 1 0 1.0 -1 ] [ 0 1 0 1.0 -1 ] [ 0 1 0 1.0 -1 ] [ 0 1 0 1.0 -1 ] [ 0 1 0 1.0 -1 ] [ 0 1 0 1.0 -1 ] [ 0 1 0 1.0 -1 ] [ 0 1 0 1.0 -1 ]
[ 0 1 0 1.0 -1 ] [ 0 1 0 1.0 -1 ] [ 0 1 0 1.0 -1 ] [ 0 1 0 1.0 -1 ] [ 0 1 0 1.0 -1 ] [ 0 1 0 1.0 -1 ] [ 0 1 0 1.0 -1 ] [ 0 1 0 1.0 -1 ] [ 0 1 0 1.0 -1 ] [ 0 1 0 1.0 -1 ] [ 0 1 0 1.0 -1 ] [ 0 1 0 1.0 -1 ] [ 0 1 0 1.0 -1 ] [ 0 1 0 1.0 -1 ] [ 0 1 0 1.0 -1 ] [ 0 1 0 1.0 -1 ] [ 0 1 0 1.0 -1 ] [ 0 1 0 1.0 -1 ] [ 0 1 0 1.0 -1 ] [ 0 1 0 1.0 -1 ]